#Layer_Color=0
#
#Feature symbol names
#
$0 r10
$1 r5
$2 r1.9685
$3 r3.937
$4 r7.874
$5 r5.9055
$6 r0.3937

#
#Feature attribute names
#
@0 .nomenclature
@1 .string
@2 .string_angle

#
#Feature attribute text strings
#
&0 TOP ASSEMBLY

#
#Layer features
#
A 0.0854816 0.2759843 0.0854816 0.2759843 0.0838583 0.2759843 0 P 0 N
A 0.209646 0.5334645 0.209646 0.5334645 0.205709 0.5334645 0 P 0 N
A 0.3533465 0.4517716 0.3533465 0.4517716 0.3494095 0.4517716 0 P 0 N
A 0.578685 0.2234251 0.578685 0.2234251 0.5698816 0.2234251 0 P 0 N
A 0.5816929 0.0915354 0.5816929 0.0915354 0.5777559 0.0915354 0 P 0 N
L 0 0.242126 0 0.2814961 3 P 0
L 0.0009842 0.7372047 0.0009842 0.8277559 3 P 0
L 0.0009842 0.7372047 0.1820865 0.7372047 3 P 0
L 0.0009842 0.8277559 0.1820865 0.8277559 3 P 0
L 0.0551181 0.035433 0.1535433 0.035433 5 P 0
L 0.0738189 0.3661418 0.0738189 0.4055118 2 P 0
L 0.0738189 0.3661418 0.0925197 0.3661418 2 P 0
L 0.0738189 0.4055118 0.0925197 0.4055118 2 P 0
L 0.0738189 0.4163386 0.0738189 0.4557086 2 P 0
L 0.0738189 0.4163386 0.0925197 0.4163386 2 P 0
L 0.0738189 0.4557086 0.0925197 0.4557086 2 P 0
L 0.0738189 0.4616142 0.0738189 0.5009842 2 P 0
L 0.0738189 0.4616142 0.0925197 0.4616142 2 P 0
L 0.0738189 0.5009842 0.0925197 0.5009842 2 P 0
L 0.0738189 0.5984252 0.0738189 0.6377952 2 P 0
L 0.0738189 0.5984252 0.0925197 0.5984252 2 P 0
L 0.0738189 0.6377952 0.0925197 0.6377952 2 P 0
L 0.0748031 0.5078741 0.0748031 0.5472441 2 P 0
L 0.0748031 0.5078741 0.0935039 0.5078741 2 P 0
L 0.0748031 0.5472441 0.0935039 0.5472441 2 P 0
L 0.0748031 0.5531496 0.0748031 0.5925196 2 P 0
L 0.0748031 0.5531496 0.0935039 0.5531496 2 P 0
L 0.0748031 0.5925196 0.0935039 0.5925196 2 P 0
L 0.0771654 0.2696851 0.0771654 0.3125984 3 P 0
L 0.0771654 0.2696851 0.1043307 0.2696851 3 P 0
L 0.0771654 0.3125984 0.1043307 0.3125984 3 P 0
L 0.0777559 0.3188977 0.0777559 0.359252 5 P 0
L 0.0777559 0.3188977 0.1761811 0.3188977 5 P 0
L 0.0777559 0.359252 0.1761811 0.359252 5 P 0
L 0.0816929 0.3228347 0.0816929 0.3543307 3 P 0
L 0.0816929 0.3228347 0.1722441 0.3228347 3 P 0
L 0.0816929 0.3543307 0.1722441 0.3543307 3 P 0
L 0.0826772 0.2027559 0.0826772 0.2421259 2 P 0
L 0.0826772 0.2027559 0.101378 0.2027559 2 P 0
L 0.0826772 0.2421259 0.101378 0.2421259 2 P 0
L 0.0925197 0.0570866 0.0925197 0.1555118 5 P 0
L 0.0925197 0.0570866 0.132874 0.0570866 5 P 0
L 0.0925197 0.1555118 0.132874 0.1555118 5 P 0
L 0.0925197 0.3661418 0.0925197 0.4055118 2 P 0
L 0.0925197 0.4163386 0.0925197 0.4557086 2 P 0
L 0.0925197 0.4616142 0.0925197 0.5009842 2 P 0
L 0.0925197 0.5984252 0.0925197 0.6377952 2 P 0
L 0.0935039 0.367126 0.0935039 0.4950787 1 P 0
L 0.0935039 0.367126 0.1643701 0.367126 1 P 0
L 0.0935039 0.4950787 0.1643701 0.4950787 1 P 0
L 0.0935039 0.5078741 0.0935039 0.5472441 2 P 0
L 0.0935039 0.5531496 0.0935039 0.5925196 2 P 0
L 0.0964567 0.0610236 0.0964567 0.1515748 3 P 0
L 0.0964567 0.0610236 0.1279527 0.0610236 3 P 0
L 0.0964567 0.1515748 0.1279527 0.1515748 3 P 0
L 0.0994098 0.5177165 0.0994098 0.6437007 4 P 0
L 0.0994098 0.5177165 0.21752 0.5177165 4 P 0
L 0.0994098 0.6437007 0.213583 0.6437007 4 P 0
L 0.101378 0.2027559 0.101378 0.2421259 2 P 0
L 0.1043307 0.2696851 0.1043307 0.3125984 3 P 0
L 0.109252 0.2893701 0.109252 0.3051181 3 P 0
L 0.109252 0.2893701 0.1456693 0.2893701 3 P 0
L 0.109252 0.3051181 0.1456693 0.3051181 3 P 0
L 0.110138 0.1811578 0.110138 0.279583 2 P 0
L 0.110138 0.1811578 0.2282483 0.1811578 2 P 0
L 0.110138 0.279583 0.2282483 0.279583 2 P 0
L 0.1112205 0.2913386 0.1112205 0.2923228 3 P 0
L 0.1112205 0.2923228 0.1112205 0.3031496 3 P 0
L 0.1279527 0.0610236 0.1279527 0.1515748 3 P 0
L 0.132874 0.0570866 0.132874 0.1555118 5 P 0
L 0.1442913 0.1334646 0.1442913 0.1738189 5 P 0
L 0.1442913 0.1334646 0.2427165 0.1334646 5 P 0
L 0.1442913 0.1738189 0.2427165 0.1738189 5 P 0
L 0.1446851 0.2913386 0.1446851 0.3031496 3 P 0
L 0.1456693 0.0590551 0.1456693 0.1299213 2 P 0
L 0.1456693 0.0590551 0.2244095 0.0590551 2 P 0
L 0.1456693 0.1299213 0.2244095 0.1299213 2 P 0
L 0.1456693 0.2893701 0.1456693 0.3051181 3 P 0
L 0.1482283 0.1374016 0.1482283 0.1688976 3 P 0
L 0.1482283 0.1374016 0.2387795 0.1374016 3 P 0
L 0.1482283 0.1688976 0.2387795 0.1688976 3 P 0
L 0.1643701 0.367126 0.1643701 0.4950787 1 P 0
L 0.1673229 0.2962598 0.1673229 0.3149606 2 P 0
L 0.1673229 0.2962598 0.2066929 0.2962598 2 P 0
L 0.1673229 0.3149606 0.2066929 0.3149606 2 P 0
L 0.1673229 0.4055118 0.1673229 0.4783464 3 P 0
L 0.1673229 0.4055118 0.2066929 0.4055118 3 P 0
L 0.1673229 0.4783464 0.2066929 0.4783464 3 P 0
L 0.1702756 0.3799213 0.1702756 0.3956693 3 P 0
L 0.1702756 0.3799213 0.2066929 0.3799213 3 P 0
L 0.1702756 0.3956693 0.2066929 0.3956693 3 P 0
L 0.1712598 0.3818898 0.1712598 0.3937008 3 P 0
L 0.1722441 0.3228347 0.1722441 0.3543307 3 P 0
L 0.1761811 0.3188977 0.1761811 0.359252 5 P 0
L 0.1820865 0.7372047 0.1820865 0.8277559 3 P 0
L 0.1820866 0.0541338 0.1820866 0.0541339 2 P 0
L 0.1879921 0.3188977 0.1879921 0.3582677 2 P 0
L 0.1879921 0.3188977 0.2066929 0.3188977 2 P 0
L 0.1879921 0.3582677 0.2066929 0.3582677 2 P 0
L 0.1998032 0.492126 0.1998032 0.5108268 2 P 0
L 0.1998032 0.492126 0.2391732 0.492126 2 P 0
L 0.1998032 0.5108268 0.2391732 0.5108268 2 P 0
L 0.2047244 0.3818898 0.2047244 0.3927166 3 P 0
L 0.2047244 0.3927166 0.2047244 0.3937008 3 P 0
L 0.2066929 0.2962598 0.2066929 0.3149606 2 P 0
L 0.2066929 0.3188977 0.2066929 0.3582677 2 P 0
L 0.2066929 0.3799213 0.2066929 0.3956693 3 P 0
L 0.2066929 0.4055118 0.2066929 0.4783464 3 P 0
L 0.2125983 0.297244 0.2125983 0.3759842 2 P 0
L 0.2125983 0.297244 0.2913385 0.297244 2 P 0
L 0.2125983 0.3759842 0.2913385 0.3759842 2 P 0
L 0.2155512 0.4251969 0.2155512 0.4862205 3 P 0
L 0.2155512 0.4251969 0.2411418 0.4251969 3 P 0
L 0.2155512 0.4862205 0.2411418 0.4862205 3 P 0
L 0.21752 0.5177165 0.21752 0.6437007 4 P 0
L 0.222441 0.5462599 0.222441 0.5649607 2 P 0
L 0.222441 0.5462599 0.261811 0.5462599 2 P 0
L 0.222441 0.5649607 0.261811 0.5649607 2 P 0
L 0.2244095 0.0590551 0.2244095 0.1299213 2 P 0
L 0.2282483 0.1811578 0.2282483 0.279583 2 P 0
L 0.2283465 0.3809055 0.2283465 0.3996063 2 P 0
L 0.2283465 0.3809055 0.2677165 0.3809055 2 P 0
L 0.2283465 0.3996063 0.2677165 0.3996063 2 P 0
L 0.2362205 0.1791339 0.2362205 0.1978347 2 P 0
L 0.2362205 0.1791339 0.2755905 0.1791339 2 P 0
L 0.2362205 0.1978347 0.2755905 0.1978347 2 P 0
L 0.2368111 0.5781496 0.2368111 0.5968504 2 P 0
L 0.2368111 0.5781496 0.2761811 0.5781496 2 P 0
L 0.2368111 0.5968504 0.2761811 0.5968504 2 P 0
L 0.2368111 0.6431103 0.2368111 0.6618111 2 P 0
L 0.2368111 0.6431103 0.2761811 0.6431103 2 P 0
L 0.2368111 0.6618111 0.2761811 0.6618111 2 P 0
L 0.2377952 0.6017716 0.2377952 0.6391732 2 P 0
L 0.2377952 0.6017716 0.2515748 0.6017716 2 P 0
L 0.2377952 0.6391732 0.2515748 0.6391732 2 P 0
L 0.238189 0.2027559 0.238189 0.2814961 2 P 0
L 0.238189 0.2027559 0.3169292 0.2027559 2 P 0
L 0.238189 0.2814961 0.3169292 0.2814961 2 P 0
L 0.2387795 0.1374016 0.2387795 0.1688976 3 P 0
L 0.2391732 0.492126 0.2391732 0.5108268 2 P 0
L 0.2411418 0.4251969 0.2411418 0.4862205 3 P 0
L 0.242126 0.4940945 0.242126 0.5334645 2 P 0
L 0.242126 0.4940945 0.2608268 0.4940945 2 P 0
L 0.242126 0.5334645 0.2608268 0.5334645 2 P 0
L 0.2427165 0.1334646 0.2427165 0.1738189 5 P 0
L 0.2440945 0.4222441 0.2440945 0.4911417 5 P 0
L 0.2440945 0.4222441 0.2726378 0.4222441 5 P 0
L 0.2440945 0.4911417 0.2726378 0.4911417 5 P 0
L 0.246063 0.1515748 0.246063 0.1702756 2 P 0
L 0.246063 0.1515748 0.285433 0.1515748 2 P 0
L 0.246063 0.1702756 0.285433 0.1702756 2 P 0
L 0.2490157 0.0620078 0.2490157 0.125 3 P 0
L 0.2490157 0.0620078 0.3356299 0.0620078 3 P 0
L 0.2490157 0.125 0.3356299 0.125 3 P 0
L 0.2515748 0.6017716 0.2515748 0.6391732 2 P 0
L 0.2608268 0.4940945 0.2608268 0.5334645 2 P 0
L 0.261811 0.5462599 0.261811 0.5649607 2 P 0
L 0.2677165 0.3809055 0.2677165 0.3996063 2 P 0
L 0.2726378 0.4222441 0.2726378 0.4911417 5 P 0
L 0.2755905 0.1791339 0.2755905 0.1978347 2 P 0
L 0.2761811 0.5781496 0.2761811 0.5968504 2 P 0
L 0.2761811 0.6431103 0.2761811 0.6618111 2 P 0
L 0.2785433 0.4438976 0.2785433 0.5462598 3 P 0
L 0.2785433 0.4438976 0.3572835 0.4438976 3 P 0
L 0.2785433 0.5462598 0.3572835 0.5462598 3 P 0
L 0.285433 0.1515748 0.285433 0.1702756 2 P 0
L 0.2893701 0.1574804 0.2893701 0.1968504 2 P 0
L 0.2893701 0.1574804 0.3080709 0.1574804 2 P 0
L 0.2893701 0.1968504 0.3080709 0.1968504 2 P 0
L 0.2913385 0.297244 0.2913385 0.3759842 2 P 0
L 0.2962599 0.5501969 0.2962599 0.5688977 2 P 0
L 0.2962599 0.5501969 0.3356299 0.5501969 2 P 0
L 0.2962599 0.5688977 0.3356299 0.5688977 2 P 0
L 0.2996063 0.3799212 0.2996063 0.398622 2 P 0
L 0.2996063 0.3799212 0.3389763 0.3799212 2 P 0
L 0.2996063 0.398622 0.3389763 0.398622 2 P 0
L 0.3023622 0.3484252 0.3023622 0.367126 2 P 0
L 0.3023622 0.3484252 0.3417322 0.3484252 2 P 0
L 0.3023622 0.367126 0.3417322 0.367126 2 P 0
L 0.3080709 0.1574804 0.3080709 0.1968504 2 P 0
L 0.31063 0.4175197 0.31063 0.4362205 2 P 0
L 0.31063 0.4175197 0.35 0.4175197 2 P 0
L 0.31063 0.4362205 0.35 0.4362205 2 P 0
L 0.3169292 0.2027559 0.3169292 0.2814961 2 P 0
L 0.3228346 0.2696851 0.3228346 0.3090551 2 P 0
L 0.3228346 0.2696851 0.3415354 0.2696851 2 P 0
L 0.3228346 0.3090551 0.3415354 0.3090551 2 P 0
L 0.3356299 0.0620078 0.3356299 0.125 3 P 0
L 0.3356299 0.5501969 0.3356299 0.5688977 2 P 0
L 0.3389763 0.3799212 0.3389763 0.398622 2 P 0
L 0.3415354 0.2696851 0.3415354 0.3090551 2 P 0
L 0.3417322 0.3484252 0.3417322 0.367126 2 P 0
L 0.35 0.4175197 0.35 0.4362205 2 P 0
L 0.3572832 0.1998031 0.3572832 0.4360235 4 P 0
L 0.3572832 0.1998031 0.5935036 0.1998031 4 P 0
L 0.3572832 0.4360235 0.5935036 0.4360235 4 P 0
L 0.3572834 0.0639764 0.3572834 0.125 3 P 0
L 0.3572834 0.0639764 0.382874 0.0639764 3 P 0
L 0.3572834 0.125 0.382874 0.125 3 P 0
L 0.3572835 0.4438976 0.3572835 0.5462598 3 P 0
L 0.3661417 0.5068898 0.3661417 0.5679134 3 P 0
L 0.3661417 0.5068898 0.3917323 0.5068898 3 P 0
L 0.3661417 0.5679134 0.3917323 0.5679134 3 P 0
L 0.367126 0.5767717 0.367126 0.6377953 3 P 0
L 0.367126 0.5767717 0.3927166 0.5767717 3 P 0
L 0.367126 0.6377953 0.3927166 0.6377953 3 P 0
L 0.382874 0.0639764 0.382874 0.125 3 P 0
L 0.3917323 0.5068898 0.3917323 0.5679134 3 P 0
L 0.3927166 0.5767717 0.3927166 0.6377953 3 P 0
L 0.3956693 0.0590551 0.3956693 0.1574803 5 P 0
L 0.3956693 0.0590551 0.4360236 0.0590551 5 P 0
L 0.3956693 0.1574803 0.4360236 0.1574803 5 P 0
L 0.3964567 0.5377953 0.3964567 0.6559055 0 P 0
L 0.3964567 0.5377953 0.4555119 0.5377953 0 P 0
L 0.3964567 0.6559055 0.4555119 0.6559055 0 P 0
L 0.3966536 0.4734252 0.3966536 0.492126 2 P 0
L 0.3966536 0.4734252 0.4360236 0.4734252 2 P 0
L 0.3966536 0.492126 0.4360236 0.492126 2 P 0
L 0.3976378 0.4527559 0.3976378 0.4714567 2 P 0
L 0.3976378 0.4527559 0.4370078 0.4527559 2 P 0
L 0.3976378 0.4714567 0.4370078 0.4714567 2 P 0
L 0.3976378 0.4940945 0.3976378 0.5127953 2 P 0
L 0.3976378 0.4940945 0.4370078 0.4940945 2 P 0
L 0.3976378 0.5127953 0.4370078 0.5127953 2 P 0
L 0.3976378 0.5147637 0.3976378 0.5334645 2 P 0
L 0.3976378 0.5147637 0.4370078 0.5147637 2 P 0
L 0.3976378 0.5334645 0.4370078 0.5334645 2 P 0
L 0.4003937 0.5417323 0.4003937 0.6519685 3 P 0
L 0.4003937 0.5417323 0.4515749 0.5417323 3 P 0
L 0.4003937 0.6519685 0.4515749 0.6519685 3 P 0
L 0.4005906 0.0629921 0.4005906 0.1535433 3 P 0
L 0.4005906 0.0629921 0.4320866 0.0629921 3 P 0
L 0.4005906 0.1535433 0.4320866 0.1535433 3 P 0
L 0.4320866 0.0629921 0.4320866 0.1535433 3 P 0
L 0.4360236 0.0590551 0.4360236 0.1574803 5 P 0
L 0.4360236 0.4734252 0.4360236 0.492126 2 P 0
L 0.4370078 0.4527559 0.4370078 0.4714567 2 P 0
L 0.4370078 0.4940945 0.4370078 0.5127953 2 P 0
L 0.4370078 0.5147637 0.4370078 0.5334645 2 P 0
L 0.4399606 0.0728346 0.4399606 0.1318898 0 P 0
L 0.4399606 0.0728346 0.5580708 0.0728346 0 P 0
L 0.4399606 0.1318898 0.5580708 0.1318898 0 P 0
L 0.4401575 0.4990157 0.4401575 0.5177165 2 P 0
L 0.4401575 0.4990157 0.4795275 0.4990157 2 P 0
L 0.4401575 0.5177165 0.4795275 0.5177165 2 P 0
L 0.442126 0.4572834 0.442126 0.4759842 2 P 0
L 0.442126 0.4572834 0.481496 0.4572834 2 P 0
L 0.442126 0.4759842 0.481496 0.4759842 2 P 0
L 0.442126 0.4781496 0.442126 0.4968504 2 P 0
L 0.442126 0.4781496 0.481496 0.4781496 2 P 0
L 0.442126 0.4968504 0.481496 0.4968504 2 P 0
L 0.4438976 0.0767716 0.4438976 0.1279528 3 P 0
L 0.4438976 0.0767716 0.5541338 0.0767716 3 P 0
L 0.4438976 0.1279528 0.5541338 0.1279528 3 P 0
L 0.4496063 0.6948819 0.4598425 0.6948819 6 P 0
L 0.4515748 0.6507874 0.4622047 0.6507874 6 P 0
L 0.4515749 0.5417323 0.4515749 0.6519685 3 P 0
L 0.4555119 0.5377953 0.4555119 0.6559055 0 P 0
L 0.4753937 0.1437008 0.4753937 0.1830708 2 P 0
L 0.4753937 0.1437008 0.4940945 0.1437008 2 P 0
L 0.4753937 0.1830708 0.4940945 0.1830708 2 P 0
L 0.4795275 0.4990157 0.4795275 0.5177165 2 P 0
L 0.4811023 0.5061024 0.4811023 0.5454724 2 P 0
L 0.4811023 0.5061024 0.4998031 0.5061024 2 P 0
L 0.4811023 0.5454724 0.4998031 0.5454724 2 P 0
L 0.481496 0.4572834 0.481496 0.4759842 2 P 0
L 0.481496 0.4781496 0.481496 0.4968504 2 P 0
L 0.4822835 0.6309055 0.5314961 0.6309055 3 P 0
L 0.4822914 0.5521594 0.531501 0.5521594 3 P 0
L 0.4940945 0.1437008 0.4940945 0.1830708 2 P 0
L 0.496063 0.1437008 0.496063 0.1830708 2 P 0
L 0.496063 0.1437008 0.5147638 0.1437008 2 P 0
L 0.496063 0.1830708 0.5147638 0.1830708 2 P 0
L 0.4998031 0.5061024 0.4998031 0.5454724 2 P 0
L 0.5043701 0.4772835 0.5093701 0.4772835 6 P 0
L 0.5044882 0.5457087 0.5094882 0.5457087 6 P 0
L 0.5147638 0.1437008 0.5147638 0.1830708 2 P 0
L 0.5149606 0.5061024 0.5149606 0.5454724 2 P 0
L 0.5149606 0.5061024 0.5336614 0.5061024 2 P 0
L 0.5149606 0.5454724 0.5336614 0.5454724 2 P 0
L 0.5236221 0.1496063 0.5236221 0.1683071 2 P 0
L 0.5236221 0.1496063 0.5629921 0.1496063 2 P 0
L 0.5236221 0.1683071 0.5629921 0.1683071 2 P 0
L 0.5336614 0.5061024 0.5336614 0.5454724 2 P 0
L 0.5344489 0.4537399 0.5344489 0.4724407 2 P 0
L 0.5344489 0.4537399 0.5738189 0.4537399 2 P 0
L 0.5344489 0.4724407 0.5738189 0.4724407 2 P 0
L 0.5541338 0.0767716 0.5541338 0.1279528 3 P 0
L 0.5580708 0.0728346 0.5580708 0.1318898 0 P 0
L 0.5629921 0.1496063 0.5629921 0.1683071 2 P 0
L 0.5679134 0.1683071 0.5679134 0.1870079 2 P 0
L 0.5679134 0.1683071 0.6072834 0.1683071 2 P 0
L 0.5679134 0.1870079 0.6072834 0.1870079 2 P 0
L 0.5698819 0.0836614 0.5698819 0.1624016 3 P 0
L 0.5698819 0.0836614 0.6722441 0.0836614 3 P 0
L 0.5698819 0.1624016 0.6722441 0.1624016 3 P 0
L 0.5738189 0.4537399 0.5738189 0.4724407 2 P 0
L 0.5866142 0.0698819 0.5954724 0.0787401 2 P 0
L 0.5935036 0.1998031 0.5935036 0.4360235 4 P 0
L 0.5954724 0.0393701 0.5954724 0.0787401 2 P 0
L 0.5954724 0.0787402 0.6043307 0.0698819 2 P 0
L 0.5984256 0.6771652 0.6968508 0.6771652 5 P 0
L 0.6072834 0.1683071 0.6072834 0.1870079 2 P 0
L 0.6082677 0.3956693 0.6082677 0.4350393 2 P 0
L 0.6082677 0.3956693 0.6269685 0.3956693 2 P 0
L 0.6082677 0.4350393 0.6269685 0.4350393 2 P 0
L 0.6082677 0.4399606 0.6082677 0.4557086 3 P 0
L 0.6082677 0.4399606 0.644685 0.4399606 3 P 0
L 0.6082677 0.4557086 0.644685 0.4557086 3 P 0
L 0.6102362 0.4419291 0.6102362 0.4429133 3 P 0
L 0.6102362 0.4429133 0.6102362 0.4537401 3 P 0
L 0.6102363 0.3700787 0.6102363 0.3887795 2 P 0
L 0.6102363 0.3700787 0.6496063 0.3700787 2 P 0
L 0.6102363 0.3887795 0.6496063 0.3887795 2 P 0
L 0.6141732 0.3267717 0.6141732 0.3661417 2 P 0
L 0.6141732 0.3267717 0.632874 0.3267717 2 P 0
L 0.6141732 0.3661417 0.632874 0.3661417 2 P 0
L 0.6151575 0.0580709 0.6151575 0.0767717 2 P 0
L 0.6151575 0.0580709 0.6545275 0.0580709 2 P 0
L 0.6151575 0.0767717 0.6545275 0.0767717 2 P 0
L 0.6200788 0.3041338 0.6200788 0.3228346 2 P 0
L 0.6200788 0.3041338 0.6594488 0.3041338 2 P 0
L 0.6200788 0.3228346 0.6594488 0.3228346 2 P 0
L 0.621063 0.2834645 0.621063 0.3021653 2 P 0
L 0.621063 0.2834645 0.660433 0.2834645 2 P 0
L 0.621063 0.3021653 0.660433 0.3021653 2 P 0
L 0.625 0.2637795 0.625 0.2795275 3 P 0
L 0.625 0.2637795 0.6614173 0.2637795 3 P 0
L 0.625 0.2795275 0.6614173 0.2795275 3 P 0
L 0.6269685 0.265748 0.6269685 0.2667322 3 P 0
L 0.6269685 0.2667322 0.6269685 0.277559 3 P 0
L 0.6269685 0.3956693 0.6269685 0.4350393 2 P 0
L 0.6309055 0.3956693 0.6309055 0.4350393 2 P 0
L 0.6309055 0.3956693 0.6496063 0.3956693 2 P 0
L 0.6309055 0.4350393 0.6496063 0.4350393 2 P 0
L 0.632874 0.3267717 0.632874 0.3661417 2 P 0
L 0.6348426 0.1830708 0.6348426 0.2017716 2 P 0
L 0.6348426 0.1830708 0.6742126 0.1830708 2 P 0
L 0.6348426 0.2017716 0.6742126 0.2017716 2 P 0
L 0.6358268 0.3484252 0.6358268 0.367126 2 P 0
L 0.6358268 0.3484252 0.6751968 0.3484252 2 P 0
L 0.6358268 0.367126 0.6751968 0.367126 2 P 0
L 0.6377953 0.3267717 0.6377953 0.3425197 3 P 0
L 0.6377953 0.3267717 0.6742126 0.3267717 3 P 0
L 0.6377953 0.3425197 0.6742126 0.3425197 3 P 0
L 0.6387795 0.3287402 0.6387795 0.3405512 3 P 0
L 0.6437008 0.4419291 0.6437008 0.4537401 3 P 0
L 0.644685 0.4399606 0.644685 0.4557086 3 P 0
L 0.6496063 0.3700787 0.6496063 0.3887795 2 P 0
L 0.6496063 0.3956693 0.6496063 0.4350393 2 P 0
L 0.6535433 0.3700788 0.6535433 0.4094488 2 P 0
L 0.6535433 0.3700788 0.6722441 0.3700788 2 P 0
L 0.6535433 0.4094488 0.6722441 0.4094488 2 P 0
L 0.6535433 0.4143701 0.6535433 0.4537401 2 P 0
L 0.6535433 0.4143701 0.6722441 0.4143701 2 P 0
L 0.6535433 0.4537401 0.6722441 0.4537401 2 P 0
L 0.6545275 0.0580709 0.6545275 0.0767717 2 P 0
L 0.6594488 0.3041338 0.6594488 0.3228346 2 P 0
L 0.660433 0.2834645 0.660433 0.3021653 2 P 0
L 0.6604331 0.265748 0.6604331 0.277559 3 P 0
L 0.6614173 0.2637795 0.6614173 0.2795275 3 P 0
L 0.6722441 0.0836614 0.6722441 0.1624016 3 P 0
L 0.6722441 0.3287402 0.6722441 0.339567 3 P 0
L 0.6722441 0.339567 0.6722441 0.3405512 3 P 0
L 0.6722441 0.3700788 0.6722441 0.4094488 2 P 0
L 0.6722441 0.4143701 0.6722441 0.4537401 2 P 0
L 0.6742126 0.1830708 0.6742126 0.2017716 2 P 0
L 0.6742126 0.3267717 0.6742126 0.3425197 3 P 0
L 0.6751968 0.3484252 0.6751968 0.367126 2 P 0
L 2.4872047 0.0243932 2.5205273 0.0243932 0 P 0 ;0,1=0,2=0.000000
L 2.503866 0.0243932 2.503866 -0.0255906 0 P 0 ;0,1=0,2=0.000000
L 2.5205273 0.0243932 2.503866 0.0243932 0 P 0 ;0,1=0,2=0.000000
L 2.5371885 0.0160626 2.5371885 -0.01726 0 P 0 ;0,1=0,2=0.000000
L 2.5371885 -0.01726 2.5455191 -0.0255906 0 P 0 ;0,1=0,2=0.000000
L 2.5455191 0.0243932 2.5371885 0.0160626 0 P 0 ;0,1=0,2=0.000000
L 2.5455191 -0.0255906 2.5621804 -0.0255906 0 P 0 ;0,1=0,2=0.000000
L 2.5621804 0.0243932 2.5455191 0.0243932 0 P 0 ;0,1=0,2=0.000000
L 2.5621804 -0.0255906 2.5705111 -0.01726 0 P 0 ;0,1=0,2=0.000000
L 2.5705111 0.0160626 2.5621804 0.0243932 0 P 0 ;0,1=0,2=0.000000
L 2.5705111 -0.01726 2.5705111 0.0160626 0 P 0 ;0,1=0,2=0.000000
L 2.5871723 0.0243932 2.6121642 0.0243932 0 P 0 ;0,1=0,2=0.000000
L 2.5871723 -0.0255906 2.5871723 0.0243932 0 P 0 ;0,1=0,2=0.000000
L 2.6121642 -0.0089293 2.5871723 -0.0089293 0 P 0 ;0,1=0,2=0.000000
L 2.6121642 0.0243932 2.6204949 0.0160626 0 P 0 ;0,1=0,2=0.000000
L 2.6204949 -0.0005987 2.6121642 -0.0089293 0 P 0 ;0,1=0,2=0.000000
L 2.6204949 0.0160626 2.6204949 -0.0005987 0 P 0 ;0,1=0,2=0.000000
L 2.6871399 0.007732 2.7038012 0.0243932 0 P 0 ;0,1=0,2=0.000000
L 2.6871399 -0.0255906 2.6871399 0.007732 0 P 0 ;0,1=0,2=0.000000
L 2.7038012 0.0243932 2.7204625 0.007732 0 P 0 ;0,1=0,2=0.000000
L 2.7204625 -0.0005987 2.6871399 -0.0005987 0 P 0 ;0,1=0,2=0.000000
L 2.7204625 0.007732 2.7204625 -0.0255906 0 P 0 ;0,1=0,2=0.000000
L 2.7204625 -0.0255906 2.7204625 -0.0005987 0 P 0 ;0,1=0,2=0.000000
L 2.7371237 0.007732 2.7454543 -0.0005987 0 P 0 ;0,1=0,2=0.000000
L 2.7371237 0.0160626 2.7371237 0.007732 0 P 0 ;0,1=0,2=0.000000
L 2.7454543 -0.0005987 2.7621156 -0.0005987 0 P 0 ;0,1=0,2=0.000000
L 2.7454543 0.0243932 2.7371237 0.0160626 0 P 0 ;0,1=0,2=0.000000
L 2.7454543 -0.0255906 2.7371237 -0.01726 0 P 0 ;0,1=0,2=0.000000
L 2.7621156 -0.0005987 2.7704463 -0.0089293 0 P 0 ;0,1=0,2=0.000000
L 2.7621156 0.0243932 2.7454543 0.0243932 0 P 0 ;0,1=0,2=0.000000
L 2.7621156 -0.0255906 2.7454543 -0.0255906 0 P 0 ;0,1=0,2=0.000000
L 2.7704463 -0.0089293 2.7704463 -0.01726 0 P 0 ;0,1=0,2=0.000000
L 2.7704463 0.0160626 2.7621156 0.0243932 0 P 0 ;0,1=0,2=0.000000
L 2.7704463 -0.01726 2.7621156 -0.0255906 0 P 0 ;0,1=0,2=0.000000
L 2.7871075 0.007732 2.7954381 -0.0005987 0 P 0 ;0,1=0,2=0.000000
L 2.7871075 0.0160626 2.7871075 0.007732 0 P 0 ;0,1=0,2=0.000000
L 2.7954381 -0.0005987 2.8120994 -0.0005987 0 P 0 ;0,1=0,2=0.000000
L 2.7954381 0.0243932 2.7871075 0.0160626 0 P 0 ;0,1=0,2=0.000000
L 2.7954381 -0.0255906 2.7871075 -0.01726 0 P 0 ;0,1=0,2=0.000000
L 2.8120994 -0.0005987 2.8204301 -0.0089293 0 P 0 ;0,1=0,2=0.000000
L 2.8120994 0.0243932 2.7954381 0.0243932 0 P 0 ;0,1=0,2=0.000000
L 2.8120994 -0.0255906 2.7954381 -0.0255906 0 P 0 ;0,1=0,2=0.000000
L 2.8204301 -0.0089293 2.8204301 -0.01726 0 P 0 ;0,1=0,2=0.000000
L 2.8204301 0.0160626 2.8120994 0.0243932 0 P 0 ;0,1=0,2=0.000000
L 2.8204301 -0.01726 2.8120994 -0.0255906 0 P 0 ;0,1=0,2=0.000000
L 2.8370913 -0.0005987 2.8537526 -0.0005987 0 P 0 ;0,1=0,2=0.000000
L 2.8370913 0.0243932 2.8370913 -0.0255906 0 P 0 ;0,1=0,2=0.000000
L 2.8370913 -0.0255906 2.8704139 -0.0255906 0 P 0 ;0,1=0,2=0.000000
L 2.8704139 0.0243932 2.8370913 0.0243932 0 P 0 ;0,1=0,2=0.000000
L 2.8870751 0.0243932 2.9037364 0.007732 0 P 0 ;0,1=0,2=0.000000
L 2.8870751 -0.0255906 2.8870751 0.0243932 0 P 0 ;0,1=0,2=0.000000
L 2.9037364 0.007732 2.9203977 0.0243932 0 P 0 ;0,1=0,2=0.000000
L 2.9203977 0.0243932 2.9203977 -0.0255906 0 P 0 ;0,1=0,2=0.000000
L 2.9370589 -0.0005987 2.9620508 -0.0005987 0 P 0 ;0,1=0,2=0.000000
L 2.9370589 0.0243932 2.9370589 -0.0255906 0 P 0 ;0,1=0,2=0.000000
L 2.9370589 -0.0255906 2.9620508 -0.0255906 0 P 0 ;0,1=0,2=0.000000
L 2.9620508 -0.0005987 2.9370589 -0.0005987 0 P 0 ;0,1=0,2=0.000000
L 2.9620508 -0.0005987 2.9703815 0.007732 0 P 0 ;0,1=0,2=0.000000
L 2.9620508 0.0243932 2.9370589 0.0243932 0 P 0 ;0,1=0,2=0.000000
L 2.9620508 -0.0255906 2.9703815 -0.01726 0 P 0 ;0,1=0,2=0.000000
L 2.9703815 0.007732 2.9703815 0.0160626 0 P 0 ;0,1=0,2=0.000000
L 2.9703815 -0.0089293 2.9620508 -0.0005987 0 P 0 ;0,1=0,2=0.000000
L 2.9703815 0.0160626 2.9620508 0.0243932 0 P 0 ;0,1=0,2=0.000000
L 2.9703815 -0.01726 2.9703815 -0.0089293 0 P 0 ;0,1=0,2=0.000000
L 2.9870427 0.0243932 2.9870427 -0.0255906 0 P 0 ;0,1=0,2=0.000000
L 2.9870427 -0.0255906 3.0203653 -0.0255906 0 P 0 ;0,1=0,2=0.000000
L 3.0370265 0.0160626 3.0536878 -0.0005987 0 P 0 ;0,1=0,2=0.000000
L 3.0370265 0.0243932 3.0370265 0.0160626 0 P 0 ;0,1=0,2=0.000000
L 3.0536878 -0.0005987 3.0536878 -0.0255906 0 P 0 ;0,1=0,2=0.000000
L 3.0536878 -0.0005987 3.0703491 0.0160626 0 P 0 ;0,1=0,2=0.000000
L 3.0703491 0.0160626 3.0703491 0.0243932 0 P 0 ;0,1=0,2=0.000000
