#Layer_Color=0
#
#Feature symbol names
#
$0 r20
$1 r10
$2 r5
$3 r7.874
$4 r1.9685
$5 r3.937
$6 r0.3937
$7 r5.9055

#
#Feature attribute names
#
@0 .nomenclature
@1 .string
@2 .string_angle

#
#Feature attribute text strings
#
&0 TOP ASSEMBLY

#
#Layer features
#
A 0.1547733 1.5602367 0.1547733 1.5602367 0.15315 1.5602367 1 P 0 N
A 0.5748035 1.4734256 0.5748035 1.4734256 0.5708665 1.4734256 1 P 0 N
A 0.6085066 0.7815753 0.6085066 0.7815753 0.6025202 0.7815753 0 P 0 N
A 0.6093097 0.2155005 0.6093097 0.2155005 0.6033233 0.2155005 0 P 0 N
A 0.9881894 1.5590556 0.9881894 1.5590556 0.9842524 1.5590556 1 P 0 N
L 0.0433075 1.236221 0.0433075 1.3228352 5 P 0
L 0.0433075 1.236221 0.1062997 1.236221 5 P 0
L 0.0433075 1.3228352 0.1062997 1.3228352 5 P 0
L 0.0620083 0.1850399 0.0620083 0.2244099 4 P 0
L 0.0620083 0.1850399 0.0807091 0.1850399 4 P 0
L 0.0620083 0.2244099 0.0807091 0.2244099 4 P 0
L 0.0807091 0.1850399 0.0807091 0.2244099 4 P 0
L 0.0816933 0.3937013 0.0816933 0.4330713 4 P 0
L 0.0816933 0.3937013 0.1003941 0.3937013 4 P 0
L 0.0816933 0.4330713 0.1003941 0.4330713 4 P 0
L 0.084646 0.3090557 0.084646 0.3877959 4 P 0
L 0.084646 0.3090557 0.1633862 0.3090557 4 P 0
L 0.084646 0.3877959 0.1633862 0.3877959 4 P 0
L 0.0886386 0.1103348 0.0886386 0.2284451 4 P 0
L 0.0886386 0.1103348 0.1870638 0.1103348 4 P 0
L 0.0886386 0.2284451 0.1870638 0.2284451 4 P 0
L 0.089567 1.16437 0.089567 1.1830708 4 P 0
L 0.089567 1.16437 0.128937 1.16437 4 P 0
L 0.089567 1.1830708 0.128937 1.1830708 4 P 0
L 0.1003941 0.3937013 0.1003941 0.4330713 4 P 0
L 0.1053154 0.3937013 0.1053154 0.4330713 4 P 0
L 0.1053154 0.3937013 0.1240162 0.3937013 4 P 0
L 0.1053154 0.4330713 0.1240162 0.4330713 4 P 0
L 0.1062997 1.236221 0.1062997 1.3228352 5 P 0
L 0.1082677 0.4625985 0.1082677 0.5433071 6 P 0
L 0.1082677 0.4625985 0.1732283 0.4625985 6 P 0
L 0.1082677 0.5433071 0.1732283 0.5433071 6 P 0
L 0.1095669 0.5600394 0.1095669 0.5964567 5 P 0
L 0.1095669 0.5600394 0.1253149 0.5600394 5 P 0
L 0.1095669 0.5964567 0.1253149 0.5964567 5 P 0
L 0.1141737 0.2470477 0.1141737 0.2657485 4 P 0
L 0.1141737 0.2470477 0.1535437 0.2470477 4 P 0
L 0.1141737 0.2657485 0.1535437 0.2657485 4 P 0
L 0.1165359 1.5535438 0.1165359 1.5807091 5 P 0
L 0.1165359 1.5535438 0.1594492 1.5535438 5 P 0
L 0.1165359 1.5807091 0.1594492 1.5807091 5 P 0
L 0.117126 1.1151575 0.117126 1.1545275 4 P 0
L 0.117126 1.1151575 0.136811 1.1151575 4 P 0
L 0.117126 1.1545275 0.136811 1.1545275 4 P 0
L 0.121063 1.1899606 0.121063 1.2303149 7 P 0
L 0.121063 1.1899606 0.2194882 1.1899606 7 P 0
L 0.121063 1.2303149 0.2194882 1.2303149 7 P 0
L 0.1240162 0.3937013 0.1240162 0.4330713 4 P 0
L 0.125 1.1948819 0.125 1.2263779 5 P 0
L 0.125 1.1948819 0.2155512 1.1948819 5 P 0
L 0.125 1.2263779 0.2155512 1.2263779 5 P 0
L 0.1253149 0.5600394 0.1253149 0.5964567 5 P 0
L 0.128937 1.16437 0.128937 1.1830708 4 P 0
L 0.1302362 0.5511811 0.1302362 0.5797244 7 P 0
L 0.1302362 0.5511811 0.1991338 0.5511811 7 P 0
L 0.1302362 0.5797244 0.1991338 0.5797244 7 P 0
L 0.1338586 1.244095 0.1338586 1.3149612 4 P 0
L 0.1338586 1.244095 0.2125988 1.244095 4 P 0
L 0.1338586 1.3149612 0.2125988 1.3149612 4 P 0
L 0.136811 1.1151575 0.136811 1.1545275 4 P 0
L 0.142717 1.5314966 0.142717 1.5472446 5 P 0
L 0.142717 1.5314966 0.1791343 1.5314966 5 P 0
L 0.142717 1.5472446 0.1791343 1.5472446 5 P 0
L 0.1446851 0.5856299 0.1446851 0.6053149 4 P 0
L 0.1446851 0.5856299 0.1840551 0.5856299 4 P 0
L 0.1446851 0.6053149 0.1840551 0.6053149 4 P 0
L 0.1535437 0.2470477 0.1535437 0.2657485 4 P 0
L 0.1574803 0.6742126 0.1574803 0.8080708 3 P 0
L 0.1574803 0.6742126 0.2283465 0.6742126 3 P 0
L 0.1574803 0.8080708 0.2283465 0.8080708 3 P 0
L 0.1594492 1.5535438 0.1594492 1.5807091 5 P 0
L 0.1604331 1.1151575 0.1604331 1.1545275 4 P 0
L 0.1604331 1.1151575 0.1801181 1.1151575 4 P 0
L 0.1604331 1.1545275 0.1801181 1.1545275 4 P 0
L 0.1633859 1.3307087 0.1633859 1.3543307 4 P 0
L 0.1633859 1.3307087 0.2066929 1.3307087 4 P 0
L 0.1633859 1.3543307 0.2066929 1.3543307 4 P 0
L 0.1633862 0.3090557 0.1633862 0.3877959 4 P 0
L 0.1702756 0.3287402 0.1702756 0.347441 4 P 0
L 0.1702756 0.3287402 0.2096456 0.3287402 4 P 0
L 0.1702756 0.347441 0.2096456 0.347441 4 P 0
L 0.1732283 0.4625985 0.1732283 0.5433071 6 P 0
L 0.1781496 0.6122047 0.1781496 0.6279527 5 P 0
L 0.1781496 0.6122047 0.2145669 0.6122047 5 P 0
L 0.1781496 0.6279527 0.2145669 0.6279527 5 P 0
L 0.1791343 1.5314966 0.1791343 1.5472446 5 P 0
L 0.1801181 1.1151575 0.1801181 1.1545275 4 P 0
L 0.1820866 1.0541339 0.1820866 1.0698819 5 P 0
L 0.1820866 1.0541339 0.2185039 1.0541339 5 P 0
L 0.1820866 1.0698819 0.2185039 1.0698819 5 P 0
L 0.1820871 1.0275596 0.1820871 1.0433076 5 P 0
L 0.1820871 1.0275596 0.2185044 1.0275596 5 P 0
L 0.1820871 1.0433076 0.2185044 1.0433076 5 P 0
L 0.1840551 0.5856299 0.1840551 0.6053149 4 P 0
L 0.1860236 0.4586614 0.1860236 0.4872047 7 P 0
L 0.1860236 0.4586614 0.2549212 0.4586614 7 P 0
L 0.1860236 0.4872047 0.2549212 0.4872047 7 P 0
L 0.1870638 0.1103348 0.1870638 0.2284451 4 P 0
L 0.1988194 1.1299218 0.1988194 1.1692918 4 P 0
L 0.1988194 1.1299218 0.2185044 1.1299218 4 P 0
L 0.1988194 1.1692918 0.2185044 1.1692918 4 P 0
L 0.1991338 0.5511811 0.1991338 0.5797244 7 P 0
L 0.2066929 1.3307087 0.2066929 1.3543307 4 P 0
L 0.2096456 0.3287402 0.2096456 0.347441 4 P 0
L 0.2125988 1.244095 0.2125988 1.3149612 4 P 0
L 0.2145669 0.6122047 0.2145669 0.6279527 5 P 0
L 0.2155512 1.1948819 0.2155512 1.2263779 5 P 0
L 0.2175197 0.8740158 0.2175197 0.9133858 4 P 0
L 0.2175197 0.8740158 0.2362205 0.8740158 4 P 0
L 0.2175197 0.9133858 0.2362205 0.9133858 4 P 0
L 0.2185039 1.0541339 0.2185039 1.0698819 5 P 0
L 0.2185044 1.0275596 0.2185044 1.0433076 5 P 0
L 0.2185044 1.1299218 0.2185044 1.1692918 4 P 0
L 0.2194882 1.1899606 0.2194882 1.2303149 7 P 0
L 0.2204729 0.1377958 0.2204729 0.216536 4 P 0
L 0.2204729 0.1377958 0.2992131 0.1377958 4 P 0
L 0.2204729 0.216536 0.2992131 0.216536 4 P 0
L 0.2283465 0.6742126 0.2283465 0.8080708 3 P 0
L 0.2293307 1.2135827 0.2293307 1.3120079 7 P 0
L 0.2293307 1.2135827 0.269685 1.2135827 7 P 0
L 0.2293307 1.3120079 0.269685 1.3120079 7 P 0
L 0.2322835 0.4183071 0.2322835 0.4547244 5 P 0
L 0.2322835 0.4183071 0.2480315 0.4183071 5 P 0
L 0.2322835 0.4547244 0.2480315 0.4547244 5 P 0
L 0.2322835 0.4891732 0.2322835 0.5255905 5 P 0
L 0.2322835 0.4891732 0.2480315 0.4891732 5 P 0
L 0.2322835 0.5255905 0.2480315 0.5255905 5 P 0
L 0.234252 1.2175197 0.234252 1.3080709 5 P 0
L 0.234252 1.2175197 0.265748 1.2175197 5 P 0
L 0.234252 1.3080709 0.265748 1.3080709 5 P 0
L 0.2362205 0.8740158 0.2362205 0.9133858 4 P 0
L 0.2391733 1.1574803 0.2391733 1.1771653 4 P 0
L 0.2391733 1.1574803 0.2785433 1.1574803 4 P 0
L 0.2391733 1.1771653 0.2785433 1.1771653 4 P 0
L 0.2480315 0.4183071 0.2480315 0.4547244 5 P 0
L 0.2480315 0.4891732 0.2480315 0.5255905 5 P 0
L 0.253937 0.8336614 0.253937 0.8494094 5 P 0
L 0.253937 0.8336614 0.2903543 0.8336614 5 P 0
L 0.253937 0.8494094 0.2903543 0.8494094 5 P 0
L 0.2549212 0.4586614 0.2549212 0.4872047 7 P 0
L 0.255906 0.7188983 0.255906 0.8086619 3 P 0
L 0.255906 0.7188983 0.3503942 0.7188983 3 P 0
L 0.255906 0.8086619 0.3503743 0.8086619 3 P 0
L 0.2637796 0.2293307 0.2637796 0.2480315 4 P 0
L 0.2637796 0.2293307 0.3031496 0.2293307 4 P 0
L 0.2637796 0.2480315 0.3031496 0.2480315 4 P 0
L 0.265748 1.2175197 0.265748 1.3080709 5 P 0
L 0.2657481 0.6496063 0.2657481 0.6889763 4 P 0
L 0.2657481 0.6496063 0.2844489 0.6496063 4 P 0
L 0.2657481 0.6889763 0.2844489 0.6889763 4 P 0
L 0.269685 1.2135827 0.269685 1.3120079 7 P 0
L 0.2716535 0.8700787 0.2716535 0.9527559 3 P 0
L 0.2716535 0.8700787 0.3661417 0.8700787 3 P 0
L 0.2716535 0.9527559 0.3661417 0.9527559 3 P 0
L 0.275591 0.4271658 0.275591 0.6043312 3 P 0
L 0.275591 0.4271658 0.4074807 0.4271658 3 P 0
L 0.275591 0.6043312 0.4094292 0.6043312 3 P 0
L 0.2785433 1.1574803 0.2785433 1.1771653 4 P 0
L 0.2844489 0.6496063 0.2844489 0.6889763 4 P 0
L 0.2903543 0.8336614 0.2903543 0.8494094 5 P 0
L 0.2923228 0.3277559 0.2923228 0.3435039 5 P 0
L 0.2923228 0.3277559 0.3287401 0.3277559 5 P 0
L 0.2923228 0.3435039 0.3287401 0.3435039 5 P 0
L 0.2933071 0.3503937 0.2933071 0.3661417 5 P 0
L 0.2933071 0.3503937 0.3297244 0.3503937 5 P 0
L 0.2933071 0.3661417 0.3297244 0.3661417 5 P 0
L 0.2992131 0.1377958 0.2992131 0.216536 4 P 0
L 0.3031496 0.2293307 0.3031496 0.2480315 4 P 0
L 0.3159449 0.8336614 0.3159449 0.8494094 5 P 0
L 0.3159449 0.8336614 0.3523622 0.8336614 5 P 0
L 0.3159449 0.8494094 0.3523622 0.8494094 5 P 0
L 0.3208661 1.4399607 0.3208661 1.4793307 4 P 0
L 0.3208661 1.4399607 0.3395669 1.4399607 4 P 0
L 0.3208661 1.4793307 0.3395669 1.4793307 4 P 0
L 0.3287401 0.3277559 0.3287401 0.3435039 5 P 0
L 0.3297244 0.3503937 0.3297244 0.3661417 5 P 0
L 0.3385827 0.6712599 0.3385827 0.6899607 4 P 0
L 0.3385827 0.6712599 0.3779527 0.6712599 4 P 0
L 0.3385827 0.6899607 0.3779527 0.6899607 4 P 0
L 0.3395669 1.4399607 0.3395669 1.4793307 4 P 0
L 0.3464567 1.4212598 0.3464567 1.492126 2 P 0
L 0.3464567 1.4212598 0.4744094 1.4212598 2 P 0
L 0.3464567 1.492126 0.4744094 1.492126 2 P 0
L 0.3503743 0.8086619 0.3503942 0.808642 3 P 0
L 0.3503942 0.7188983 0.3503942 0.808642 3 P 0
L 0.3523622 0.8336614 0.3523622 0.8494094 5 P 0
L 0.3661417 0.8700787 0.3661417 0.9527559 3 P 0
L 0.3720477 0.7322841 0.3720477 0.7716541 4 P 0
L 0.3720477 0.7322841 0.3907485 0.7322841 4 P 0
L 0.3720477 0.7716541 0.3907485 0.7716541 4 P 0
L 0.3779527 0.6712599 0.3779527 0.6899607 4 P 0
L 0.3779533 1.1830714 0.3779533 1.2814966 7 P 0
L 0.3779533 1.1830714 0.4183076 1.1830714 7 P 0
L 0.3779533 1.2814966 0.4183076 1.2814966 7 P 0
L 0.3818903 1.1870084 0.3818903 1.2775596 5 P 0
L 0.3818903 1.1870084 0.4133863 1.1870084 5 P 0
L 0.3818903 1.2775596 0.4133863 1.2775596 5 P 0
L 0.3907485 0.7322841 0.3907485 0.7716541 4 P 0
L 0.4094292 0.6043312 0.4094492 0.6043112 3 P 0
L 0.4094492 0.4271658 0.4094492 0.6043112 3 P 0
L 0.4133863 1.1870084 0.4133863 1.2775596 5 P 0
L 0.4173233 0.3907485 0.4173233 0.4094493 4 P 0
L 0.4173233 0.3907485 0.4566933 0.3907485 4 P 0
L 0.4173233 0.4094493 0.4566933 0.4094493 4 P 0
L 0.4173233 0.4183075 0.4173233 0.4370083 4 P 0
L 0.4173233 0.4183075 0.4566933 0.4183075 4 P 0
L 0.4173233 0.4370083 0.4566933 0.4370083 4 P 0
L 0.4183076 1.1830714 0.4183076 1.2814966 7 P 0
L 0.4330709 1.4990157 0.4330709 1.5177165 4 P 0
L 0.4330709 1.4990157 0.4724409 1.4990157 4 P 0
L 0.4330709 1.5177165 0.4724409 1.5177165 4 P 0
L 0.4360236 1.2490158 0.4360236 1.2893701 7 P 0
L 0.4360236 1.2490158 0.5344488 1.2490158 7 P 0
L 0.4360236 1.2893701 0.5344488 1.2893701 7 P 0
L 0.4399606 1.2529528 0.4399606 1.2844488 5 P 0
L 0.4399606 1.2529528 0.5305118 1.2529528 5 P 0
L 0.4399606 1.2844488 0.5305118 1.2844488 5 P 0
L 0.4566933 0.3907485 0.4566933 0.4094493 4 P 0
L 0.4566933 0.4183075 0.4566933 0.4370083 4 P 0
L 0.4635827 1.1978347 0.4635827 1.238189 7 P 0
L 0.4635827 1.1978347 0.5620079 1.1978347 7 P 0
L 0.4635827 1.238189 0.5620079 1.238189 7 P 0
L 0.4675197 1.2017717 0.4675197 1.2332677 5 P 0
L 0.4675197 1.2017717 0.5580709 1.2017717 5 P 0
L 0.4675197 1.2332677 0.5580709 1.2332677 5 P 0
L 0.4724409 1.4990157 0.4724409 1.5177165 4 P 0
L 0.4744094 1.4212598 0.4744094 1.492126 2 P 0
L 0.4872047 1.4714567 0.4872047 1.5108267 5 P 0
L 0.4872047 1.4714567 0.5600393 1.4714567 5 P 0
L 0.4872047 1.5108267 0.5600393 1.5108267 5 P 0
L 0.4970473 1.5226378 0.4970473 1.5482284 5 P 0
L 0.4970473 1.5226378 0.5580709 1.5226378 5 P 0
L 0.4970473 1.5482284 0.5580709 1.5482284 5 P 0
L 0.5198824 0.8789926 0.5198824 0.8986776 6 P 0
L 0.5198824 0.8789926 0.5415359 0.8789926 6 P 0
L 0.5198824 0.8986776 0.5631894 0.8986776 6 P 0
L 0.5198824 0.9089926 0.5198824 0.9286776 6 P 0
L 0.5198824 0.9089926 0.5415359 0.9089926 6 P 0
L 0.5198824 0.9286776 0.5631894 0.9286776 6 P 0
L 0.5206855 0.313158 0.5206855 0.332843 6 P 0
L 0.5206855 0.313158 0.542339 0.313158 6 P 0
L 0.5206855 0.332843 0.5639925 0.332843 6 P 0
L 0.5206855 0.343158 0.5206855 0.362843 6 P 0
L 0.5206855 0.343158 0.542339 0.343158 6 P 0
L 0.5206855 0.362843 0.5639925 0.362843 6 P 0
L 0.523622 0.1082677 0.523622 0.2066929 7 P 0
L 0.523622 0.1082677 0.5639763 0.1082677 7 P 0
L 0.523622 0.2066929 0.5639763 0.2066929 7 P 0
L 0.5236855 0.225158 0.5236855 0.244843 6 P 0
L 0.5236855 0.225158 0.545339 0.225158 6 P 0
L 0.5236855 0.244843 0.5669925 0.244843 6 P 0
L 0.5236862 0.8289926 0.5236862 0.8486776 6 P 0
L 0.5236862 0.8289926 0.5453397 0.8289926 6 P 0
L 0.5236862 0.8486776 0.5669932 0.8486776 6 P 0
L 0.5238824 0.7912328 0.5238824 0.8109178 6 P 0
L 0.5238824 0.7912328 0.5455359 0.7912328 6 P 0
L 0.5238824 0.8109178 0.5671894 0.8109178 6 P 0
L 0.5246855 0.265158 0.5246855 0.284843 6 P 0
L 0.5246855 0.265158 0.546339 0.265158 6 P 0
L 0.5246855 0.284843 0.5679925 0.284843 6 P 0
L 0.5248666 0.6768627 0.5248666 0.7752879 7 P 0
L 0.5248666 0.6768627 0.5652209 0.6768627 7 P 0
L 0.5248666 0.7752879 0.5652209 0.7752879 7 P 0
L 0.5285433 0.1122047 0.5285433 0.2027559 5 P 0
L 0.5285433 0.1122047 0.5600393 0.1122047 5 P 0
L 0.5285433 0.2027559 0.5600393 0.2027559 5 P 0
L 0.5297879 0.6807997 0.5297879 0.7713509 5 P 0
L 0.5297879 0.6807997 0.5612839 0.6807997 5 P 0
L 0.5297879 0.7713509 0.5612839 0.7713509 5 P 0
L 0.5305118 1.2529528 0.5305118 1.2844488 5 P 0
L 0.5314961 1.4173228 0.5314961 1.4360236 4 P 0
L 0.5314961 1.4173228 0.5708661 1.4173228 4 P 0
L 0.5314961 1.4360236 0.5708661 1.4360236 4 P 0
L 0.5314961 1.4409448 0.5314961 1.4596456 4 P 0
L 0.5314961 1.4409448 0.5708661 1.4409448 4 P 0
L 0.5314961 1.4596456 0.5708661 1.4596456 4 P 0
L 0.5344488 1.2490158 0.5344488 1.2893701 7 P 0
L 0.5415359 0.8789926 0.5631894 0.8789926 6 P 0
L 0.5415359 0.9089926 0.5631894 0.9089926 6 P 0
L 0.542339 0.313158 0.5639925 0.313158 6 P 0
L 0.542339 0.343158 0.5639925 0.343158 6 P 0
L 0.5452761 1.244095 0.5452761 1.283465 4 P 0
L 0.5452761 1.244095 0.5639769 1.244095 4 P 0
L 0.5452761 1.283465 0.5639769 1.283465 4 P 0
L 0.545339 0.225158 0.5669925 0.225158 6 P 0
L 0.5453397 0.8289926 0.5669932 0.8289926 6 P 0
L 0.5455359 0.7912328 0.5671894 0.7912328 6 P 0
L 0.546339 0.265158 0.5679925 0.265158 6 P 0
L 0.5580709 1.2017717 0.5580709 1.2332677 5 P 0
L 0.5580709 1.5226378 0.5580709 1.5482284 5 P 0
L 0.5600393 0.1122047 0.5600393 0.2027559 5 P 0
L 0.5600393 1.4714567 0.5600393 1.5108267 5 P 0
L 0.5612839 0.6807997 0.5612839 0.7713509 5 P 0
L 0.5620079 1.1978347 0.5620079 1.238189 7 P 0
L 0.5631894 0.8789926 0.5631894 0.8986776 6 P 0
L 0.5631894 0.9089926 0.5631894 0.9286776 6 P 0
L 0.5639763 0.1082677 0.5639763 0.2066929 7 P 0
L 0.5639769 1.244095 0.5639769 1.283465 4 P 0
L 0.5639925 0.313158 0.5639925 0.332843 6 P 0
L 0.5639925 0.343158 0.5639925 0.362843 6 P 0
L 0.5652209 0.6768627 0.5652209 0.7752879 7 P 0
L 0.5669925 0.225158 0.5669925 0.244843 6 P 0
L 0.5669932 0.8289926 0.5669932 0.8486776 6 P 0
L 0.5671894 0.7912328 0.5671894 0.8109178 6 P 0
L 0.5679925 0.265158 0.5679925 0.284843 6 P 0
L 0.5708661 1.4173228 0.5708661 1.4360236 4 P 0
L 0.5708661 1.4409448 0.5708661 1.4596456 4 P 0
L 0.5757879 1.5009847 0.5757879 1.529528 7 P 0
L 0.5757879 1.5009847 0.6446855 1.5009847 7 P 0
L 0.5757879 1.529528 0.6446855 1.529528 7 P 0
L 0.580709 1.1948823 0.580709 1.4901579 5 P 0
L 0.580709 1.1948823 0.8759846 1.1948823 5 P 0
L 0.580709 1.4507878 0.6200791 1.4901579 5 P 0
L 0.580709 1.4901579 0.8759846 1.4901579 5 P 0
L 0.5825752 0.1275517 0.5825752 0.1964493 7 P 0
L 0.5825752 0.1275517 0.6111185 0.1275517 7 P 0
L 0.5825752 0.1964493 0.6111185 0.1964493 7 P 0
L 0.5837721 0.6926265 0.5837721 0.7615241 7 P 0
L 0.5837721 0.6926265 0.6123154 0.6926265 7 P 0
L 0.5837721 0.7615241 0.6123154 0.7615241 7 P 0
L 0.5984257 0.8188981 0.5984257 1.0196855 5 P 0
L 0.5984257 0.8188981 0.6338587 0.7834651 5 P 0
L 0.5984257 1.0196855 0.8346461 1.0196855 5 P 0
L 0.5992288 0.2528233 0.5992288 0.4536107 5 P 0
L 0.5992288 0.2528233 0.6346618 0.2173903 5 P 0
L 0.5992288 0.4536107 0.8354492 0.4536107 5 P 0
L 0.6111185 0.1275517 0.6111185 0.1964493 7 P 0
L 0.6123154 0.6926265 0.6123154 0.7615241 7 P 0
L 0.6200791 1.4901579 0.6210633 1.4901579 5 P 0
L 0.6273634 0.1033116 0.6273634 0.1722092 7 P 0
L 0.6273634 0.1033116 0.6559067 0.1033116 7 P 0
L 0.6273634 0.1722092 0.6559067 0.1722092 7 P 0
L 0.6277564 0.6666265 0.6277564 0.7355241 7 P 0
L 0.6277564 0.6666265 0.6562997 0.6666265 7 P 0
L 0.6277564 0.7355241 0.6562997 0.7355241 7 P 0
L 0.6338587 0.7834651 0.8346461 0.7834651 5 P 0
L 0.6346618 0.2173903 0.8354492 0.2173903 5 P 0
L 0.6348426 1.0757874 0.6348426 1.0954724 6 P 0
L 0.6348426 1.0757874 0.6564961 1.0757874 6 P 0
L 0.6348426 1.0954724 0.6781496 1.0954724 6 P 0
L 0.6355683 0.5079179 0.6355683 0.5276029 6 P 0
L 0.6355683 0.5079179 0.6572218 0.5079179 6 P 0
L 0.6355683 0.5276029 0.6788753 0.5276029 6 P 0
L 0.6446855 1.5009847 0.6446855 1.529528 7 P 0
L 0.6559067 0.1033116 0.6559067 0.1722092 7 P 0
L 0.6562997 0.6666265 0.6562997 0.7355241 7 P 0
L 0.6564961 1.0757874 0.6781496 1.0757874 6 P 0
L 0.6572218 0.5079179 0.6788753 0.5079179 6 P 0
L 0.6704972 0.6771816 0.6704972 0.7204886 6 P 0
L 0.6704972 0.6771816 0.6901822 0.6771816 6 P 0
L 0.6704972 0.7204886 0.6901822 0.7204886 6 P 0
L 0.6713004 0.1111069 0.6713004 0.1544139 6 P 0
L 0.6713004 0.1111069 0.6909854 0.1111069 6 P 0
L 0.6713004 0.1544139 0.6909854 0.1544139 6 P 0
L 0.6781496 1.0757874 0.6781496 1.0954724 6 P 0
L 0.6788753 0.5079179 0.6788753 0.5276029 6 P 0
L 0.6901822 0.6771816 0.6901822 0.6929296 6 P 0
L 0.6901822 0.6929296 0.6901822 0.7204886 6 P 0
L 0.6909854 0.1111069 0.6909854 0.1268549 6 P 0
L 0.6909854 0.1268549 0.6909854 0.1544139 6 P 0
L 0.6964965 0.1111069 0.6964965 0.1544139 6 P 0
L 0.6964965 0.1111069 0.7161815 0.1111069 6 P 0
L 0.6964965 0.1544139 0.7161815 0.1544139 6 P 0
L 0.6966934 0.6774218 0.6966934 0.7207288 6 P 0
L 0.6966934 0.6774218 0.7163784 0.6774218 6 P 0
L 0.6966934 0.7207288 0.7163784 0.7207288 6 P 0
L 0.7125985 1.1407481 0.7125985 1.1594489 4 P 0
L 0.7125985 1.1407481 0.7519685 1.1407481 4 P 0
L 0.7125985 1.1594489 0.7519685 1.1594489 4 P 0
L 0.7125985 1.1624016 0.7125985 1.1811024 4 P 0
L 0.7125985 1.1624016 0.7519685 1.1624016 4 P 0
L 0.7125985 1.1811024 0.7519685 1.1811024 4 P 0
L 0.7161815 0.1111069 0.7161815 0.1327604 6 P 0
L 0.7161815 0.1327604 0.7161815 0.1544139 6 P 0
L 0.7163784 0.6774218 0.7163784 0.6990753 6 P 0
L 0.7163784 0.6990753 0.7163784 0.7207288 6 P 0
L 0.7175197 1.0698819 0.7175197 1.0984252 7 P 0
L 0.7175197 1.0698819 0.7864173 1.0698819 7 P 0
L 0.7175197 1.0984252 0.7864173 1.0984252 7 P 0
L 0.7214965 0.1111069 0.7214965 0.1544139 6 P 0
L 0.7214965 0.1111069 0.7411815 0.1111069 6 P 0
L 0.7214965 0.1544139 0.7411815 0.1544139 6 P 0
L 0.7226934 0.6774218 0.7226934 0.7207288 6 P 0
L 0.7226934 0.6774218 0.7423784 0.6774218 6 P 0
L 0.7226934 0.7207288 0.7423784 0.7207288 6 P 0
L 0.7394889 0.5079173 0.7394889 0.5276023 6 P 0
L 0.7394889 0.5079173 0.7611424 0.5079173 6 P 0
L 0.7394889 0.5276023 0.7827959 0.5276023 6 P 0
L 0.7411815 0.1111069 0.7411815 0.1327604 6 P 0
L 0.7411815 0.1327604 0.7411815 0.1544139 6 P 0
L 0.7423784 0.6774218 0.7423784 0.6990753 6 P 0
L 0.7423784 0.6990753 0.7423784 0.7207288 6 P 0
L 0.7464965 0.1111069 0.7464965 0.1544139 6 P 0
L 0.7464965 0.1111069 0.7661815 0.1111069 6 P 0
L 0.7464965 0.1544139 0.7661815 0.1544139 6 P 0
L 0.7476934 0.6774218 0.7476934 0.7207288 6 P 0
L 0.7476934 0.6774218 0.7673784 0.6774218 6 P 0
L 0.7476934 0.7207288 0.7673784 0.7207288 6 P 0
L 0.7519685 1.1407481 0.7519685 1.1594489 4 P 0
L 0.7519685 1.1624016 0.7519685 1.1811024 4 P 0
L 0.7611424 0.5079173 0.7827959 0.5079173 6 P 0
L 0.7661815 0.1111069 0.7661815 0.1268549 6 P 0
L 0.7661815 0.1268549 0.7661815 0.1544139 6 P 0
L 0.7673784 0.6774218 0.7673784 0.6931698 6 P 0
L 0.7673784 0.6931698 0.7673784 0.7207288 6 P 0
L 0.7706697 1.4960635 0.7706697 1.5354335 4 P 0
L 0.7706697 1.4960635 0.7893705 1.4960635 4 P 0
L 0.7706697 1.5354335 0.7893705 1.5354335 4 P 0
L 0.771032 0.0961581 0.771032 0.1158431 6 P 0
L 0.771032 0.0961581 0.814339 0.0961581 6 P 0
L 0.771032 0.1158431 0.7926855 0.1158431 6 P 0
L 0.771032 0.1229179 0.771032 0.1426029 6 P 0
L 0.771032 0.1229179 0.814339 0.1229179 6 P 0
L 0.771032 0.1426029 0.7926855 0.1426029 6 P 0
L 0.7728824 0.6592328 0.7728824 0.6789178 6 P 0
L 0.7728824 0.6592328 0.8161894 0.6592328 6 P 0
L 0.7728824 0.6789178 0.7945359 0.6789178 6 P 0
L 0.7728824 0.6862328 0.7728824 0.7059178 6 P 0
L 0.7728824 0.6862328 0.8161894 0.6862328 6 P 0
L 0.7728824 0.7059178 0.7945359 0.7059178 6 P 0
L 0.7827959 0.5079173 0.7827959 0.5276023 6 P 0
L 0.7854331 1.0600394 0.7854331 1.0816929 6 P 0
L 0.7854331 1.0600394 0.8051181 1.0600394 6 P 0
L 0.7854331 1.0816929 0.7854331 1.1033464 6 P 0
L 0.7854331 1.1033464 0.8051181 1.1033464 6 P 0
L 0.7864173 1.0698819 0.7864173 1.0984252 7 P 0
L 0.7893705 1.4960635 0.7893705 1.5354335 4 P 0
L 0.7918824 0.7392328 0.7918824 0.7589178 6 P 0
L 0.7918824 0.7392328 0.8135359 0.7392328 6 P 0
L 0.7918824 0.7589178 0.8351894 0.7589178 6 P 0
L 0.7926855 0.1158431 0.814339 0.1158431 6 P 0
L 0.7926855 0.1426029 0.814339 0.1426029 6 P 0
L 0.7934965 0.475347 0.7934965 0.4970005 6 P 0
L 0.7934965 0.475347 0.8131815 0.475347 6 P 0
L 0.7934965 0.4970005 0.7934965 0.518654 6 P 0
L 0.7934965 0.518654 0.8131815 0.518654 6 P 0
L 0.7945359 0.6789178 0.8161894 0.6789178 6 P 0
L 0.7945359 0.7059178 0.8161894 0.7059178 6 P 0
L 0.7966855 0.174158 0.7966855 0.193843 6 P 0
L 0.7966855 0.174158 0.818339 0.174158 6 P 0
L 0.7966855 0.193843 0.8399925 0.193843 6 P 0
L 0.8051181 1.0600394 0.8051181 1.1033464 6 P 0
L 0.8090551 1.0393701 0.8090551 1.0610236 6 P 0
L 0.8090551 1.0393701 0.8287401 1.0393701 6 P 0
L 0.8090551 1.0610236 0.8090551 1.0826771 6 P 0
L 0.8090551 1.0826771 0.8287401 1.0826771 6 P 0
L 0.8131815 0.475347 0.8131815 0.518654 6 P 0
L 0.8135359 0.7392328 0.8351894 0.7392328 6 P 0
L 0.814339 0.0961581 0.814339 0.1158431 6 P 0
L 0.814339 0.1229179 0.814339 0.1426029 6 P 0
L 0.8149607 1.4980315 0.8149607 1.5167323 4 P 0
L 0.8149607 1.4980315 0.8543307 1.4980315 4 P 0
L 0.8149607 1.5167323 0.8543307 1.5167323 4 P 0
L 0.8149607 1.5216536 0.8149607 1.5403544 4 P 0
L 0.8149607 1.5216536 0.8543307 1.5216536 4 P 0
L 0.8149607 1.5403544 0.8543307 1.5403544 4 P 0
L 0.8161894 0.6592328 0.8161894 0.6789178 6 P 0
L 0.8161894 0.6862328 0.8161894 0.7059178 6 P 0
L 0.818339 0.174158 0.8399925 0.174158 6 P 0
L 0.8214965 0.0964258 0.8214965 0.1397328 6 P 0
L 0.8214965 0.0964258 0.8411815 0.0964258 6 P 0
L 0.8214965 0.1397328 0.8411815 0.1397328 6 P 0
L 0.8216934 0.6624218 0.8216934 0.7057288 6 P 0
L 0.8216934 0.6624218 0.8413784 0.6624218 6 P 0
L 0.8216934 0.7057288 0.8413784 0.7057288 6 P 0
L 0.8264965 0.475347 0.8264965 0.4970005 6 P 0
L 0.8264965 0.475347 0.8461815 0.475347 6 P 0
L 0.8264965 0.4970005 0.8264965 0.518654 6 P 0
L 0.8264965 0.518654 0.8461815 0.518654 6 P 0
L 0.8287401 1.0393701 0.8287401 1.0826771 6 P 0
L 0.8346461 0.7834651 0.8346461 1.0196855 5 P 0
L 0.8351894 0.7392328 0.8351894 0.7589178 6 P 0
L 0.8354492 0.2173903 0.8354492 0.4536107 5 P 0
L 0.8385827 1.0393701 0.8385827 1.0610236 6 P 0
L 0.8385827 1.0393701 0.8582677 1.0393701 6 P 0
L 0.8385827 1.0610236 0.8385827 1.0826771 6 P 0
L 0.8385827 1.0826771 0.8582677 1.0826771 6 P 0
L 0.8399925 0.174158 0.8399925 0.193843 6 P 0
L 0.8411815 0.0964258 0.8411815 0.1180793 6 P 0
L 0.8411815 0.1180793 0.8411815 0.1397328 6 P 0
L 0.8413784 0.6624218 0.8413784 0.6840753 6 P 0
L 0.8413784 0.6840753 0.8413784 0.7057288 6 P 0
L 0.8428824 0.7502328 0.8428824 0.7699178 6 P 0
L 0.8428824 0.7502328 0.8586304 0.7502328 6 P 0
L 0.8428824 0.7699178 0.8861894 0.7699178 6 P 0
L 0.8461815 0.475347 0.8461815 0.518654 6 P 0
L 0.8464965 0.0964258 0.8464965 0.1397328 6 P 0
L 0.8464965 0.0964258 0.8661815 0.0964258 6 P 0
L 0.8464965 0.1397328 0.8661815 0.1397328 6 P 0
L 0.8466934 0.6624218 0.8466934 0.7057288 6 P 0
L 0.8466934 0.6624218 0.8663784 0.6624218 6 P 0
L 0.8466934 0.7057288 0.8663784 0.7057288 6 P 0
L 0.8537642 0.186398 0.8537642 0.206083 6 P 0
L 0.8537642 0.186398 0.8695122 0.186398 6 P 0
L 0.8537642 0.206083 0.8970712 0.206083 6 P 0
L 0.8543307 1.4980315 0.8543307 1.5167323 4 P 0
L 0.8543307 1.5216536 0.8543307 1.5403544 4 P 0
L 0.8582677 1.0393701 0.8582677 1.0826771 6 P 0
L 0.8586304 0.7502328 0.8861894 0.7502328 6 P 0
L 0.8661815 0.0964258 0.8661815 0.1180793 6 P 0
L 0.8661815 0.1180793 0.8661815 0.1397328 6 P 0
L 0.8663004 0.4830754 0.8663004 0.5224454 4 P 0
L 0.8663004 0.4830754 0.8859854 0.4830754 4 P 0
L 0.8663004 0.5224454 0.8859854 0.5224454 4 P 0
L 0.8663784 0.6624218 0.8663784 0.6840753 6 P 0
L 0.8663784 0.6840753 0.8663784 0.7057288 6 P 0
L 0.8676074 0.8089926 0.8676074 0.8286776 6 P 0
L 0.8676074 0.8089926 0.9109144 0.8089926 6 P 0
L 0.8676074 0.8286776 0.8892609 0.8286776 6 P 0
L 0.8678824 0.8472328 0.8678824 0.8669178 6 P 0
L 0.8678824 0.8472328 0.9111894 0.8472328 6 P 0
L 0.8678824 0.8669178 0.8895359 0.8669178 6 P 0
L 0.8678824 0.8732328 0.8678824 0.8929178 6 P 0
L 0.8678824 0.8732328 0.9111894 0.8732328 6 P 0
L 0.8678824 0.8929178 0.8895359 0.8929178 6 P 0
L 0.8684106 0.2429179 0.8684106 0.2626029 6 P 0
L 0.8684106 0.2429179 0.9117176 0.2429179 6 P 0
L 0.8684106 0.2626029 0.8900641 0.2626029 6 P 0
L 0.8686855 0.281158 0.8686855 0.300843 6 P 0
L 0.8686855 0.281158 0.9119925 0.281158 6 P 0
L 0.8686855 0.300843 0.890339 0.300843 6 P 0
L 0.8686855 0.307158 0.8686855 0.326843 6 P 0
L 0.8686855 0.307158 0.9119925 0.307158 6 P 0
L 0.8686855 0.326843 0.890339 0.326843 6 P 0
L 0.8690945 1.0492126 0.8690945 1.0885826 4 P 0
L 0.8690945 1.0492126 0.8887795 1.0492126 4 P 0
L 0.8690945 1.0885826 0.8887795 1.0885826 4 P 0
L 0.8695122 0.186398 0.8970712 0.186398 6 P 0
L 0.8714965 0.133347 0.8714965 0.176654 6 P 0
L 0.8714965 0.133347 0.8911815 0.133347 6 P 0
L 0.8714965 0.176654 0.8911815 0.176654 6 P 0
L 0.8716934 0.6984218 0.8716934 0.7417288 6 P 0
L 0.8716934 0.6984218 0.8913784 0.6984218 6 P 0
L 0.8716934 0.7417288 0.8913784 0.7417288 6 P 0
L 0.8759846 1.1948823 0.8759846 1.4901579 5 P 0
L 0.8789375 0.646654 0.8789375 0.6751973 7 P 0
L 0.8789375 0.646654 0.9478351 0.646654 7 P 0
L 0.8789375 0.6751973 0.9478351 0.6751973 7 P 0
L 0.8858273 1.1830714 0.8858273 1.2017722 4 P 0
L 0.8858273 1.1830714 0.9251973 1.1830714 4 P 0
L 0.8858273 1.2017722 0.9251973 1.2017722 4 P 0
L 0.8858273 1.2066934 0.8858273 1.2253942 4 P 0
L 0.8858273 1.2066934 0.9251973 1.2066934 4 P 0
L 0.8858273 1.2253942 0.9251973 1.2253942 4 P 0
L 0.8858273 1.3208667 0.8858273 1.3395675 4 P 0
L 0.8858273 1.3208667 0.9251973 1.3208667 4 P 0
L 0.8858273 1.3395675 0.9251973 1.3395675 4 P 0
L 0.8858273 1.4035438 0.8858273 1.4222446 4 P 0
L 0.8858273 1.4035438 0.9251973 1.4035438 4 P 0
L 0.8858273 1.4222446 0.9251973 1.4222446 4 P 0
L 0.8858273 1.4271659 0.8858273 1.4458667 4 P 0
L 0.8858273 1.4271659 0.9251973 1.4271659 4 P 0
L 0.8858273 1.4458667 0.9251973 1.4458667 4 P 0
L 0.8859854 0.4830754 0.8859854 0.5224454 4 P 0
L 0.8861894 0.7502328 0.8861894 0.7699178 6 P 0
L 0.8887795 1.0492126 0.8887795 1.0885826 4 P 0
L 0.8892609 0.8286776 0.9109144 0.8286776 6 P 0
L 0.8895359 0.8669178 0.9111894 0.8669178 6 P 0
L 0.8895359 0.8929178 0.9111894 0.8929178 6 P 0
L 0.8897642 1.4881894 0.8897642 1.5669296 5 P 0
L 0.8897642 1.4881894 0.9921264 1.4881894 5 P 0
L 0.8897642 1.5669296 0.9921264 1.5669296 5 P 0
L 0.8900641 0.2626029 0.9117176 0.2626029 6 P 0
L 0.890339 0.300843 0.9119925 0.300843 6 P 0
L 0.890339 0.326843 0.9119925 0.326843 6 P 0
L 0.8911815 0.133347 0.8911815 0.1550005 6 P 0
L 0.8911815 0.1550005 0.8911815 0.176654 6 P 0
L 0.8913784 0.6984218 0.8913784 0.7200753 6 P 0
L 0.8913784 0.7200753 0.8913784 0.7417288 6 P 0
L 0.8917328 0.7096462 0.8917328 0.7785438 7 P 0
L 0.8917328 0.7096462 0.9202761 0.7096462 7 P 0
L 0.8917328 0.7785438 0.9202761 0.7785438 7 P 0
L 0.8970712 0.186398 0.8970712 0.206083 6 P 0
L 0.8996068 0.1427171 0.8996068 0.2116147 7 P 0
L 0.8996068 0.1427171 0.9281501 0.1427171 7 P 0
L 0.8996068 0.2116147 0.9281501 0.2116147 7 P 0
L 0.8996068 1.3503942 0.8996068 1.3897642 4 P 0
L 0.8996068 1.3503942 0.9183076 1.3503942 4 P 0
L 0.8996068 1.3897642 0.9183076 1.3897642 4 P 0
L 0.9015753 1.4625989 0.9015753 1.4812997 4 P 0
L 0.9015753 1.4625989 0.9409453 1.4625989 4 P 0
L 0.9015753 1.4812997 0.9409453 1.4812997 4 P 0
L 0.9098824 1.0122328 0.9098824 1.0319178 6 P 0
L 0.9098824 1.0122328 0.9531894 1.0122328 6 P 0
L 0.9098824 1.0319178 0.9315359 1.0319178 6 P 0
L 0.9098824 1.0442328 0.9098824 1.0639178 6 P 0
L 0.9098824 1.0442328 0.9531894 1.0442328 6 P 0
L 0.9098824 1.0639178 0.9315359 1.0639178 6 P 0
L 0.9098824 1.0762328 0.9098824 1.0959178 6 P 0
L 0.9098824 1.0762328 0.9531894 1.0762328 6 P 0
L 0.9098824 1.0959178 0.9315359 1.0959178 6 P 0
L 0.9109144 0.8089926 0.9109144 0.8286776 6 P 0
L 0.9111894 0.8472328 0.9111894 0.8669178 6 P 0
L 0.9111894 0.8732328 0.9111894 0.8929178 6 P 0
L 0.9116855 0.445158 0.9116855 0.464843 6 P 0
L 0.9116855 0.445158 0.9549925 0.445158 6 P 0
L 0.9116855 0.464843 0.933339 0.464843 6 P 0
L 0.9116855 0.477158 0.9116855 0.496843 6 P 0
L 0.9116855 0.477158 0.9549925 0.477158 6 P 0
L 0.9116855 0.496843 0.933339 0.496843 6 P 0
L 0.9116855 0.509158 0.9116855 0.528843 6 P 0
L 0.9116855 0.509158 0.9549925 0.509158 6 P 0
L 0.9116855 0.528843 0.933339 0.528843 6 P 0
L 0.9117176 0.2429179 0.9117176 0.2626029 6 P 0
L 0.9119925 0.281158 0.9119925 0.300843 6 P 0
L 0.9119925 0.307158 0.9119925 0.326843 6 P 0
L 0.9138824 0.9382328 0.9138824 0.9579178 6 P 0
L 0.9138824 0.9382328 0.9571894 0.9382328 6 P 0
L 0.9138824 0.9579178 0.9355359 0.9579178 6 P 0
L 0.9138824 0.9682328 0.9138824 0.9879178 6 P 0
L 0.9138824 0.9682328 0.9571894 0.9682328 6 P 0
L 0.9138824 0.9879178 0.9355359 0.9879178 6 P 0
L 0.9146855 0.373158 0.9146855 0.392843 6 P 0
L 0.9146855 0.373158 0.9579925 0.373158 6 P 0
L 0.9146855 0.392843 0.936339 0.392843 6 P 0
L 0.9146855 0.403158 0.9146855 0.422843 6 P 0
L 0.9146855 0.403158 0.9579925 0.403158 6 P 0
L 0.9146855 0.422843 0.936339 0.422843 6 P 0
L 0.9183076 1.3503942 0.9183076 1.3897642 4 P 0
L 0.9202761 0.7096462 0.9202761 0.7785438 7 P 0
L 0.9246225 0.8173234 0.9246225 0.9228352 5 P 0
L 0.9246225 0.8173234 1.0104093 0.8173234 5 P 0
L 0.9246225 0.9228352 1.0088745 0.9228352 5 P 0
L 0.9251973 1.1830714 0.9251973 1.2017722 4 P 0
L 0.9251973 1.2066934 0.9251973 1.2253942 4 P 0
L 0.9251973 1.3208667 0.9251973 1.3395675 4 P 0
L 0.9251973 1.4035438 0.9251973 1.4222446 4 P 0
L 0.9251973 1.4271659 0.9251973 1.4458667 4 P 0
L 0.9254256 0.2512486 0.9254256 0.3567604 5 P 0
L 0.9254256 0.2512486 1.0112124 0.2512486 5 P 0
L 0.9254256 0.3567604 1.0096776 0.3567604 5 P 0
L 0.9281501 0.1427171 0.9281501 0.2116147 7 P 0
L 0.9315359 1.0319178 0.9531894 1.0319178 6 P 0
L 0.9315359 1.0639178 0.9531894 1.0639178 6 P 0
L 0.9315359 1.0959178 0.9531894 1.0959178 6 P 0
L 0.933339 0.464843 0.9549925 0.464843 6 P 0
L 0.933339 0.496843 0.9549925 0.496843 6 P 0
L 0.933339 0.528843 0.9549925 0.528843 6 P 0
L 0.9355359 0.9579178 0.9571894 0.9579178 6 P 0
L 0.9355359 0.9879178 0.9571894 0.9879178 6 P 0
L 0.936339 0.392843 0.9579925 0.392843 6 P 0
L 0.936339 0.422843 0.9579925 0.422843 6 P 0
L 0.9379926 1.3828745 0.9379926 1.3966541 4 P 0
L 0.9379926 1.3828745 0.9753942 1.3828745 4 P 0
L 0.9379926 1.3966541 0.9753942 1.3966541 4 P 0
L 0.9409453 1.4625989 0.9409453 1.4812997 4 P 0
L 0.9478351 0.646654 0.9478351 0.6751973 7 P 0
L 0.9507879 1.4360241 0.9507879 1.4763784 7 P 0
L 0.9507879 1.4360241 1.0492131 1.4360241 7 P 0
L 0.9507879 1.4763784 1.0492131 1.4763784 7 P 0
L 0.9531894 1.0122328 0.9531894 1.0319178 6 P 0
L 0.9531894 1.0442328 0.9531894 1.0639178 6 P 0
L 0.9531894 1.0762328 0.9531894 1.0959178 6 P 0
L 0.9547249 1.4409454 0.9547249 1.4724414 5 P 0
L 0.9547249 1.4409454 1.0452761 1.4409454 5 P 0
L 0.9547249 1.4724414 1.0452761 1.4724414 5 P 0
L 0.9549925 0.445158 0.9549925 0.464843 6 P 0
L 0.9549925 0.477158 0.9549925 0.496843 6 P 0
L 0.9549925 0.509158 0.9549925 0.528843 6 P 0
L 0.9566934 0.6673233 0.9566934 0.7657485 7 P 0
L 0.9566934 0.6673233 0.9970477 0.6673233 7 P 0
L 0.9566934 0.7657485 0.9970477 0.7657485 7 P 0
L 0.9571894 0.9382328 0.9571894 0.9579178 6 P 0
L 0.9571894 0.9682328 0.9571894 0.9879178 6 P 0
L 0.9579925 0.373158 0.9579925 0.392843 6 P 0
L 0.9579925 0.403158 0.9579925 0.422843 6 P 0
L 0.9606304 0.6712603 0.9606304 0.7618115 5 P 0
L 0.9606304 0.6712603 0.9921264 0.6712603 5 P 0
L 0.9606304 0.7618115 0.9921264 0.7618115 5 P 0
L 0.9678824 1.0012328 0.9678824 1.0209178 6 P 0
L 0.9678824 1.0012328 1.0111894 1.0012328 6 P 0
L 0.9678824 1.0209178 0.9895359 1.0209178 6 P 0
L 0.9696855 0.435158 0.9696855 0.454843 6 P 0
L 0.9696855 0.435158 1.0129925 0.435158 6 P 0
L 0.9696855 0.454843 0.991339 0.454843 6 P 0
L 0.9753942 1.3828745 0.9753942 1.3966541 4 P 0
L 0.9804972 1.0441501 0.9804972 1.0835201 4 P 0
L 0.9804972 1.0441501 1.0001822 1.0441501 4 P 0
L 0.9804972 1.0835201 1.0001822 1.0835201 4 P 0
L 0.9813004 0.4780754 0.9813004 0.5174454 4 P 0
L 0.9813004 0.4780754 1.0009854 0.4780754 4 P 0
L 0.9813004 0.5174454 1.0009854 0.5174454 4 P 0
L 0.9895359 1.0209178 1.0111894 1.0209178 6 P 0
L 0.991339 0.454843 1.0129925 0.454843 6 P 0
L 0.9921264 0.6712603 0.9921264 0.7618115 5 P 0
L 0.9921264 1.4881894 0.9921264 1.5669296 5 P 0
L 0.994095 1.3582683 0.994095 1.3976383 4 P 0
L 0.994095 1.3582683 1.0127958 1.3582683 4 P 0
L 0.994095 1.3976383 1.0127958 1.3976383 4 P 0
L 0.9970477 0.6673233 0.9970477 0.7657485 7 P 0
L 0.9980315 1.1466535 0.9980315 1.2450787 7 P 0
L 0.9980315 1.1466535 1.0383858 1.1466535 7 P 0
L 0.9980315 1.2450787 1.0383858 1.2450787 7 P 0
L 1.0001822 1.0441501 1.0001822 1.0835201 4 P 0
L 1.0009854 0.4780754 1.0009854 0.5174454 4 P 0
L 1.0019685 1.1505905 1.0019685 1.2411417 5 P 0
L 1.0019685 1.1505905 1.0334645 1.1505905 5 P 0
L 1.0019685 1.2411417 1.0334645 1.2411417 5 P 0
L 1.001969 1.5196856 1.001969 1.5590556 4 P 0
L 1.001969 1.5196856 1.0206698 1.5196856 4 P 0
L 1.001969 1.5590556 1.0206698 1.5590556 4 P 0
L 1.0088745 0.9228352 1.0104293 0.9212804 5 P 0
L 1.0096776 0.3567604 1.0112324 0.3552056 5 P 0
L 1.0104093 0.8173234 1.0104293 0.8173434 5 P 0
L 1.0104293 0.8173434 1.0104293 0.9212804 5 P 0
L 1.0111894 1.0012328 1.0111894 1.0209178 6 P 0
L 1.0112124 0.2512486 1.0112324 0.2512686 5 P 0
L 1.0112324 0.2512686 1.0112324 0.3552056 5 P 0
L 1.0127958 1.3582683 1.0127958 1.3976383 4 P 0
L 1.0129925 0.435158 1.0129925 0.454843 6 P 0
L 1.0206698 1.5196856 1.0206698 1.5590556 4 P 0
L 1.0334645 1.1505905 1.0334645 1.2411417 5 P 0
L 1.0383858 1.1466535 1.0383858 1.2450787 7 P 0
L 1.0452761 1.4409454 1.0452761 1.4724414 5 P 0
L 1.0492131 1.4360241 1.0492131 1.4763784 7 P 0
L 1.0531496 0 1.0531496 1.6141737 6 P 0
L 1.0599139 0.9120753 1.0599139 1.0326659 5 P 0
L 1.0599139 0.9120753 1.1765673 0.9120753 5 P 0
L 1.0599139 1.0320753 1.1771579 1.0320753 5 P 0
L 1.060717 0.3460005 1.060717 0.4665911 5 P 0
L 1.060717 0.3460005 1.1773704 0.3460005 5 P 0
L 1.060717 0.4660005 1.177961 0.4660005 5 P 0
L 1.1358272 1.4055124 1.1358272 1.5866147 5 P 0
L 1.1358272 1.4055124 1.2263784 1.4055124 5 P 0
L 1.1358272 1.5866147 1.2263784 1.5866147 5 P 0
L 1.1765673 0.9120753 1.1771579 0.9114847 5 P 0
L 1.1771579 0.9114847 1.1771579 1.0320753 5 P 0
L 1.1773704 0.3460005 1.177961 0.3454099 5 P 0
L 1.177961 0.3454099 1.177961 0.4660005 5 P 0
L 1.2263784 1.4055124 1.2263784 1.5866147 5 P 0
L 4.1811024 0.2438814 4.214425 0.2438814 1 P 0 ;0,1=0,2=0.000000
L 4.1977637 0.2438814 4.1977637 0.1938976 1 P 0 ;0,1=0,2=0.000000
L 4.214425 0.2438814 4.1977637 0.2438814 1 P 0 ;0,1=0,2=0.000000
L 4.2310862 0.2022282 4.2394168 0.1938976 1 P 0 ;0,1=0,2=0.000000
L 4.2310862 0.2355508 4.2310862 0.2022282 1 P 0 ;0,1=0,2=0.000000
L 4.2394168 0.1938976 4.2560781 0.1938976 1 P 0 ;0,1=0,2=0.000000
L 4.2394168 0.2438814 4.2310862 0.2355508 1 P 0 ;0,1=0,2=0.000000
L 4.2560781 0.1938976 4.2644088 0.2022282 1 P 0 ;0,1=0,2=0.000000
L 4.2560781 0.2438814 4.2394168 0.2438814 1 P 0 ;0,1=0,2=0.000000
L 4.2644088 0.2022282 4.2644088 0.2355508 1 P 0 ;0,1=0,2=0.000000
L 4.2644088 0.2355508 4.2560781 0.2438814 1 P 0 ;0,1=0,2=0.000000
L 4.28107 0.1938976 4.28107 0.2438814 1 P 0 ;0,1=0,2=0.000000
L 4.28107 0.2438814 4.3060619 0.2438814 1 P 0 ;0,1=0,2=0.000000
L 4.3060619 0.2105589 4.28107 0.2105589 1 P 0 ;0,1=0,2=0.000000
L 4.3060619 0.2438814 4.3143926 0.2355508 1 P 0 ;0,1=0,2=0.000000
L 4.3143926 0.2188895 4.3060619 0.2105589 1 P 0 ;0,1=0,2=0.000000
L 4.3143926 0.2355508 4.3143926 0.2188895 1 P 0 ;0,1=0,2=0.000000
L 4.3810376 0.1938976 4.3810376 0.2272202 1 P 0 ;0,1=0,2=0.000000
L 4.3810376 0.2272202 4.3976989 0.2438814 1 P 0 ;0,1=0,2=0.000000
L 4.3976989 0.2438814 4.4143602 0.2272202 1 P 0 ;0,1=0,2=0.000000
L 4.4143602 0.1938976 4.4143602 0.2188895 1 P 0 ;0,1=0,2=0.000000
L 4.4143602 0.2188895 4.3810376 0.2188895 1 P 0 ;0,1=0,2=0.000000
L 4.4143602 0.2272202 4.4143602 0.1938976 1 P 0 ;0,1=0,2=0.000000
L 4.4310214 0.2272202 4.439352 0.2188895 1 P 0 ;0,1=0,2=0.000000
L 4.4310214 0.2355508 4.4310214 0.2272202 1 P 0 ;0,1=0,2=0.000000
L 4.439352 0.1938976 4.4310214 0.2022282 1 P 0 ;0,1=0,2=0.000000
L 4.439352 0.2188895 4.4560133 0.2188895 1 P 0 ;0,1=0,2=0.000000
L 4.439352 0.2438814 4.4310214 0.2355508 1 P 0 ;0,1=0,2=0.000000
L 4.4560133 0.1938976 4.439352 0.1938976 1 P 0 ;0,1=0,2=0.000000
L 4.4560133 0.2188895 4.464344 0.2105589 1 P 0 ;0,1=0,2=0.000000
L 4.4560133 0.2438814 4.439352 0.2438814 1 P 0 ;0,1=0,2=0.000000
L 4.464344 0.2022282 4.4560133 0.1938976 1 P 0 ;0,1=0,2=0.000000
L 4.464344 0.2105589 4.464344 0.2022282 1 P 0 ;0,1=0,2=0.000000
L 4.464344 0.2355508 4.4560133 0.2438814 1 P 0 ;0,1=0,2=0.000000
L 4.4810052 0.2272202 4.4893358 0.2188895 1 P 0 ;0,1=0,2=0.000000
L 4.4810052 0.2355508 4.4810052 0.2272202 1 P 0 ;0,1=0,2=0.000000
L 4.4893358 0.1938976 4.4810052 0.2022282 1 P 0 ;0,1=0,2=0.000000
L 4.4893358 0.2188895 4.5059971 0.2188895 1 P 0 ;0,1=0,2=0.000000
L 4.4893358 0.2438814 4.4810052 0.2355508 1 P 0 ;0,1=0,2=0.000000
L 4.5059971 0.1938976 4.4893358 0.1938976 1 P 0 ;0,1=0,2=0.000000
L 4.5059971 0.2188895 4.5143278 0.2105589 1 P 0 ;0,1=0,2=0.000000
L 4.5059971 0.2438814 4.4893358 0.2438814 1 P 0 ;0,1=0,2=0.000000
L 4.5143278 0.2022282 4.5059971 0.1938976 1 P 0 ;0,1=0,2=0.000000
L 4.5143278 0.2105589 4.5143278 0.2022282 1 P 0 ;0,1=0,2=0.000000
L 4.5143278 0.2355508 4.5059971 0.2438814 1 P 0 ;0,1=0,2=0.000000
L 4.530989 0.1938976 4.5643116 0.1938976 1 P 0 ;0,1=0,2=0.000000
L 4.530989 0.2188895 4.5476503 0.2188895 1 P 0 ;0,1=0,2=0.000000
L 4.530989 0.2438814 4.530989 0.1938976 1 P 0 ;0,1=0,2=0.000000
L 4.5643116 0.2438814 4.530989 0.2438814 1 P 0 ;0,1=0,2=0.000000
L 4.5809728 0.1938976 4.5809728 0.2438814 1 P 0 ;0,1=0,2=0.000000
L 4.5809728 0.2438814 4.5976341 0.2272202 1 P 0 ;0,1=0,2=0.000000
L 4.5976341 0.2272202 4.6142954 0.2438814 1 P 0 ;0,1=0,2=0.000000
L 4.6142954 0.2438814 4.6142954 0.1938976 1 P 0 ;0,1=0,2=0.000000
L 4.6309566 0.1938976 4.6559485 0.1938976 1 P 0 ;0,1=0,2=0.000000
L 4.6309566 0.2188895 4.6559485 0.2188895 1 P 0 ;0,1=0,2=0.000000
L 4.6309566 0.2438814 4.6309566 0.1938976 1 P 0 ;0,1=0,2=0.000000
L 4.6559485 0.1938976 4.6642792 0.2022282 1 P 0 ;0,1=0,2=0.000000
L 4.6559485 0.2188895 4.6309566 0.2188895 1 P 0 ;0,1=0,2=0.000000
L 4.6559485 0.2188895 4.6642792 0.2272202 1 P 0 ;0,1=0,2=0.000000
L 4.6559485 0.2438814 4.6309566 0.2438814 1 P 0 ;0,1=0,2=0.000000
L 4.6642792 0.2022282 4.6642792 0.2105589 1 P 0 ;0,1=0,2=0.000000
L 4.6642792 0.2105589 4.6559485 0.2188895 1 P 0 ;0,1=0,2=0.000000
L 4.6642792 0.2272202 4.6642792 0.2355508 1 P 0 ;0,1=0,2=0.000000
L 4.6642792 0.2355508 4.6559485 0.2438814 1 P 0 ;0,1=0,2=0.000000
L 4.6809404 0.1938976 4.714263 0.1938976 1 P 0 ;0,1=0,2=0.000000
L 4.6809404 0.2438814 4.6809404 0.1938976 1 P 0 ;0,1=0,2=0.000000
L 4.7309242 0.2355508 4.7475855 0.2188895 1 P 0 ;0,1=0,2=0.000000
L 4.7309242 0.2438814 4.7309242 0.2355508 1 P 0 ;0,1=0,2=0.000000
L 4.7475855 0.2188895 4.7475855 0.1938976 1 P 0 ;0,1=0,2=0.000000
L 4.7475855 0.2188895 4.7642468 0.2355508 1 P 0 ;0,1=0,2=0.000000
L 4.7642468 0.2355508 4.7642468 0.2438814 1 P 0 ;0,1=0,2=0.000000
